Part 1 537832
180
923
218
608
984
189
507
533
835
393
181
231
292
678
509
906
801
160
156
273
944
350
32
80
199
32
372
411
50
340
264
107
420
395
937
545
787
37
10
710
16
740
188
870
423
491
702
675
587
364
776
337
345
42
979
780
430
554
942
614
826
269
270
431
318
95
884
917
970
254
817
584
908
175
143
890
235
722
537
255
739
37
367
403
31
582
108
39
616
23
476
268
49
625
444
838
409
212
444
101
876
895
463
848
105
40
425
792
565
914
81
719
111
181
800
750
471
716
261
439
498
289
715
903
126
335
753
880
521
300
849
432
116
757
712
402
742
568
471
198
852
193
894
339
730
964
640
734
599
793
288
289
457
2
747
137
322
976
345
189
849
930
696
181
32
87
17
685
345
9
636
933
801
678
912
665
412
781
778
605
779
881
221
545
657
844
198
52
414
220
927
455
357
419
68
708
567
795
695
205
944
794
674
188
636
262
315
130
479
256
74
386
432
492
641
603
909
857
149
103
701
113
235
915
40
2
884
254
145
653
845
102
823
20
166
539
627
655
304
776
792
960
945
338
216
639
787
611
37
546
993
298
260
277
935
172
665
502
159
598
156
260
214
247
607
430
601
798
99
825
431
211
372
611
397
218
83
266
424
342
476
402
109
934
698
356
399
276
495
125
458
356
58
713
868
540
981
890
1
493
326
69
63
44
549
319
538
463
246
451
63
934
930
370
699
253
916
782
974
616
789
21
394
50
351
621
141
467
812
34
143
448
690
777
361
923
706
349
307
115
20
315
229
770
411
25
922
298
878
310
812
261
902
317
640
606
285
118
272
956
541
566
956
967
498
761
754
458
717
88
879
286
911
100
217
164
418
720
392
934
260
987
5
330
875
120
211
730
752
30
304
716
7
854
834
148
299
98
560
910
572
411
727
119
281
823
803
175
753
109
406
877
774
914
454
823
785
778
962
752
500
834
164
893
197
124
401
609
866
970
811
863
386
829
207
117
927
846
994
846
398
218
151
451
85
194
498
144
143
517
112
943
128
681
272
241
427
240
648
32
242
356
779
879
958
339
354
503
117
693
698
362
915
250
349
194
88
539
297
757
61
571
370
710
855
575
959
246
541
357
260
944
360
71
980
542
729
781
235
656
41
368
755
757
652
708
835
872
557
360
168
312
913
660
862
972
745
198
329
633
467
72
711
594
941
851
195
9
130
711
936
895
989
980
954
549
842
690
804
174
682
122
461
906
183
153
144
190
896
451
730
340
984
987
635
653
672
145
553
990
641
965
762
74
178
65
891
96
451
531
348
514
164
697
866
977
185
591
589
415
452
532
334
843
773
719
253
653
607
29
749
909
411
804
698
666
296
906
642
474
484
517
228
605
876
296
621
129
54
336
794
487
953
681
601
862
488
539
776
895
840
437
815
564
471
246
513
78
621
726
990
155
250
757
637
798
209
48
471
108
337
376
472
592
988
897
799
236
726
407
408
297
549
727
265
172
768
910
680
934
518
119
850
634
202
3
377
784
460
117
315
231
322
604
439
725
612
329
600
310
457
222
215
366
120
10
539
538
Part 2 81314913
